0 NTS 2
1 10091U 77053A   25093.63664650  .00000003  00000-0  00000-0 0  9991
2 10091  63.3935 295.0360 0065568 227.7277 131.3850  2.00449884349861
0 OPS 5111 (NAVSTAR 1)
1 10684U 78020A   25093.18054142  .00000000  00000-0  00000-0 0  9990
2 10684  64.0292  65.5464 0080581 217.5265 141.8900  1.98071832327727
0 OPS 5112 (NAVSTAR 2)
1 10893U 78047A   25094.48677461  .00000018  00000-0  00000+0 0  9998
2 10893  62.9681 286.6513 0533068  43.0673 132.1189  2.01626354344874
0 OPS 5113 (NAVSTAR 3)
1 11054U 78093A   25092.26294696 -.00000036  00000-0  00000-0 0  9990
2 11054  63.2613 313.2963 0098696 228.6816 311.4699  1.93504555332145
0 OPS 5114 (NAVSTAR 4)
1 11141U 78112A   25092.60213924  .00000026  00000-0  00000+0 0  9999
2 11141  63.4143  84.8003 0139836  48.3142  87.5119  1.92895517220738
0 OPS 5117 (NAVSTAR 5)
1 11690U 80011A   25093.36004707 -.00000005  00000-0  00000-0 0  9999
2 11690  64.4747  62.0491 0481580 204.8347 328.7502  2.00580609344904
0 OPS 5118 (NAVSTAR 6)
1 11783U 80032A   25091.65320544  .00000031  00000-0  00000-0 0  9993
2 11783  62.0457 263.4652 0544008  53.1713 340.8544  2.03455926332771
0 COSMOS 1413 (GLONASS)
1 13603U 82100A   25093.48272794  .00000027  00000-0  00000-0 0  9995
2 13603  64.6148  82.1055 0007839  19.7456 337.1239  2.13866681331763
0 COSMOS 1414 (GLONASS)
1 13606U 82100D   25092.21477480  .00000027  00000-0  00000-0 0  9997
2 13606  64.5427  86.3880 0077888  31.0967  13.3543  2.13103761330507
0 COSMOS 1415 (GLONASS)
1 13607U 82100E   25094.54917715  .00000033  00000-0  00000+0 0  9992
2 13607  64.5982  82.0244 0004951  19.6265 161.4639  2.13810149331715
0 OPS 9794 (NAVSTAR 8)
1 14189U 83072A   25093.54630234  .00000025  00000-0  00000-0 0  9996
2 14189  63.1279  81.5153 0213583  54.6145 122.8395  1.91719374218297
0 COSMOS 1490 (GLONASS)
1 14258U 83084A   25093.41320844  .00000033  00000-0  00000-0 0  9994
2 14258  64.6063  87.9066 0014984  11.0944  62.4099  2.13103200324076
0 COSMOS 1491 (GLONASS)
1 14259U 83084B   25093.54584260  .00000016  00000-0  00000-0 0  9994
2 14259  64.7439  73.5287 0021275 306.6694 223.5841  2.15434592326662
0 COSMOS 1492 (GLONASS)
1 14260U 83084C   25092.65826591  .00000031  00000-0  00000-0 0  9990
2 14260  64.5701  89.6409 0001779 338.8768 205.8918  2.12758924322203
0 COSMOS 1519 (GLONASS)
1 14590U 83127A   25090.27143310 -.00000058  00000-0  00000+0 0  9990
2 14590  66.5852 343.5747 0009864 179.8784  26.9252  2.13095669261766
0 COSMOS 1520 (GLONASS)
1 14591U 83127B   25091.63027172 -.00000066  00000-0  00000+0 0  9998
2 14591  66.5748 343.4175 0022616 172.8117  45.5689  2.13102549261798
0 COSMOS 1521 (GLONASS)
1 14592U 83127C   25093.12515417 -.00000070  00000-0  00000+0 0  9994
2 14592  66.4792 339.3030 0061150 192.5926 356.9349  2.13837159322280
0 COSMOS 1554 (GLONASS)
1 14977U 84047A   25093.59006476 -.00000076  00000-0  00000+0 0  9990
2 14977  66.5349 342.5043 0016721 217.6518 345.2447  2.13099387290160
0 COSMOS 1555 (GLONASS)
1 14978U 84047B   25093.59006472 -.00000077  00000-0  00000+0 0  9998
2 14978  66.5482 342.9816 0011516 175.0561  28.0671  2.13101999290150
0 COSMOS 1556 (GLONASS)
1 14979U 84047C   25094.38845797 -.00000080  00000-0  00000+0 0  9992
2 14979  66.5753 344.0436 0008996 193.4852 278.3298  2.12912272317796
0 NAVSTAR 9 (USA 1)
1 15039U 84059A   25093.71523806  .00000020  00000-0  00000-0 0  9997
2 15039  63.2638  76.9766 0234635  51.8463 129.6007  1.92302654289678
0 COSMOS 1593 (GLONASS)
1 15259U 84095A   25093.63894424  .00000034  00000-0  00000+0 0  9993
2 15259  64.6136  87.8937 0023679 216.3392 185.1959  2.13104954269155
0 COSMOS 1594 (GLONASS)
1 15260U 84095B   25093.45722569  .00000034  00000-0  00000-0 0  9996
2 15260  64.5477  89.6089 0004698 197.2456 351.4004  2.12636995315144
0 COSMOS 1595 (GLONASS)
1 15261U 84095C   25093.51703628  .00000032  00000-0  00000+0 0  9996
2 15261  64.5569  86.3470 0048310 218.5935 321.5651  2.13101823290149
0 NAVSTAR 10 (USA 5)
1 15271U 84097A   25092.92404919 -.00000020  00000-0  00000+0 0  9992
2 15271  62.4853 304.2165 0145165 227.6195 130.4672  1.92618811287839
0 COSMOS 1650 (GLONASS)
1 15697U 85037A   25093.30955716  .00000033  00000-0  00000-0 0  9992
2 15697  64.6439  88.3758 0032652  26.7079  72.0208  2.13102157286928
0 COSMOS 1651 (GLONASS)
1 15698U 85037B   25094.23691773  .00000038  00000-0  00000+0 0  9990
2 15698  64.6337  87.9047 0014733  21.5551  59.5081  2.13123051310428
0 COSMOS 1652 (GLONASS)
1 15699U 85037C   25092.60181506  .00000030  00000-0  00000-0 0  9991
2 15699  64.6274  88.2459 0018084  24.1379 153.0938  2.13067316310275
0 NAVSTAR 11 (USA 10)
1 16129U 85093A   25093.88543481  .00000043  00000-0  00000-0 0  9991
2 16129  63.3158  96.7538 0327093  54.1952 310.8903  1.89368833220989
0 COSMOS 1710 (GLONASS)
1 16396U 85118A   25093.89716366 -.00000073  00000-0  00000-0 0  9994
2 16396  66.2353 338.7598 0011951 205.9186 337.5449  2.13102878305761
0 COSMOS 1711 (GLONASS)
1 16397U 85118B   25091.58247215 -.00000062  00000-0  00000+0 0  9998
2 16397  66.2517 339.0376 0008264 189.3009 352.1485  2.13101397305649
0 COSMOS 1712 (GLONASS)
1 16398U 85118C   25092.15513102 -.00000066  00000-0  00000-0 0  9999
2 16398  66.2448 339.5915 0011082  13.4933 177.4526  2.12919782304650
0 COSMOS 1778 (GLONASS)
1 16961U 86071A   25093.45051748  .00000033  00000-0  00000-0 0  9994
2 16961  64.6475  87.4237 0005035 235.9706 311.2284  2.13102135300005
0 COSMOS 1779 (GLONASS)
1 16962U 86071B   25093.13012655  .00000031  00000-0  00000-0 0  9992
2 16962  64.6506  87.5070 0012491  37.9475 313.9038  2.13102832299865
0 COSMOS 1780 (GLONASS)
1 16963U 86071C   25091.35912791  .00000029  00000-0  00000-0 0  9992
2 16963  64.6386  87.2800 0003891 327.4777 120.7321  2.13107685299912
0 COSMOS 1883 (GLONASS)
1 18355U 87079A   25093.46380593 -.00000065  00000-0  00000-0 0  9992
2 18355  65.8137 333.4976 0005505 253.6284 278.5093  2.13101067292169
0 COSMOS 1884 (GLONASS)
1 18356U 87079B   25094.29893584 -.00000066  00000-0  00000+0 0  9994
2 18356  65.8396 333.8047 0019029 207.0578 321.3784  2.13102607292373
0 COSMOS 1885 (GLONASS)
1 18357U 87079C   25093.27230963 -.00000065  00000-0  00000-0 0  9998
2 18357  65.8357 333.7711 0022171 212.0093 324.0046  2.13102041275765
0 COSMOS 1946 (GLONASS)
1 19163U 88043A   25091.93217623  .00000030  00000-0  00000+0 0  9995
2 19163  64.7237  88.6989 0003657  91.0947  87.8362  2.13103037286325
0 COSMOS 1947 (GLONASS)
1 19164U 88043B   25092.78432800  .00000031  00000-0  00000-0 0  9998
2 19164  64.7205  88.5902 0024108 223.9808 314.8012  2.13103933281911
0 COSMOS 1948 (GLONASS)
1 19165U 88043C   25093.67053061  .00000035  00000-0  00000-0 0  9990
2 19165  64.7121  88.3626 0004448 299.6756 100.8020  2.13102922286641
0 COSMOS 1970 (GLONASS)
1 19501U 88085A   25093.84067116 -.00000059  00000-0  00000-0 0  9992
2 19501  65.4831 329.4040 0010142  42.9637 141.1917  2.13101950284411
0 COSMOS 1971 (GLONASS)
1 19502U 88085B   25093.09545148 -.00000058  00000-0  00000-0 0  9995
2 19502  65.4770 329.3502 0023201  14.9114 164.0254  2.13101541269973
0 COSMOS 1972 (GLONASS)
1 19503U 88085C   25091.56335816 -.00000052  00000-0  00000-0 0  9999
2 19503  65.5140 329.8467 0003849 223.4044 314.9802  2.13102040284221
0 COSMOS 1987 (GLONASS)
1 19749U 89001A   25093.44901976  .00000033  00000-0  00000-0 0  9993
2 19749  64.6877  87.3497 0005552 243.6117 286.4018  2.13073344281927
0 COSMOS 1988 (GLONASS)
1 19750U 89001B   25093.36739278  .00000033  00000-0  00000-0 0  9990
2 19750  64.7000  87.6891 0015508 223.2368 177.1088  2.13101706281919
0 COSMOS 1989 (ETALON 1)
1 19751U 89001C   25093.30983584  .00000032  00000-0  00000-0 0  9995
2 19751  64.6974  87.2665 0023596 216.8848 244.0502  2.13156053281999
0 NAVSTAR 13 (USA 35)
1 19802U 89013A   25092.57392410  .00000021  00000-0  00000-0 0  9993
2 19802  54.7539 109.4902 0042781 241.0354 298.2615  1.85325291250108
0 COSMOS 2022 (GLONASS)
1 20024U 89039A   25090.20183484 -.00000039  00000-0  00000-0 0  9996
2 20024  65.1929 326.0890 0008078 214.0396 328.3382  2.13102125278898
0 COSMOS 2023 (GLONASS)
1 20025U 89039B   25093.24677834 -.00000053  00000-0  00000+0 0  9996
2 20025  65.2166 326.2715 0019292 199.5110 346.7286  2.13103721278959
0 COSMOS 2024 (ETALON 2)
1 20026U 89039C   25093.72978878 -.00000053  00000-0  00000-0 0  9993
2 20026  65.1925 325.6369 0019925 215.6377 289.4320  2.13204408279135
0 NAVSTAR 14 (USA 38)
1 20061U 89044A   25093.96236716  .00000014  00000-0  00000-0 0  9998
2 20061  53.5564 255.6772 0025318 199.3455 203.5788  1.88858502253499
0 NAVSTAR 15 (USA 42)
1 20185U 89064A   25093.88639050  .00000020  00000-0  00000+0 0  9992
2 20185  54.6697 104.3760 0012621 312.2406  45.1985  1.86088033248021
0 NAVSTAR 16 (USA 47)
1 20302U 89085A   25092.55505785  .00000008  00000-0  00000-0 0  9993
2 20302  53.9966 199.1867 0008580  70.7161 323.3693  1.89426191250198
0 NAVSTAR 17 (USA 49)
1 20361U 89097A   25093.48460682 -.00000093  00000-0  00000-0 0  9995
2 20361  56.1917  26.2257 0024544 313.8538 236.9610  1.89175263241036
0 NAVSTAR 18 (USA 50)
1 20452U 90008A   25092.54447203  .00000013  00000-0  00000-0 0  9991
2 20452  54.7761 149.0585 0015809 274.8554 210.5979  1.89597842248072
0 NAVSTAR 19 (USA 54)
1 20533U 90025A   25092.60370234  .00000015  00000-0  00000-0 0  9998
2 20533  53.7508 261.9388 0043571 218.3915 197.9144  1.91039082246605
0 COSMOS 2079 (GLONASS)
1 20619U 90045A   25093.36322047 -.00000049  00000-0  00000-0 0  9996
2 20619  64.9780 323.6174 0044905 206.5660   7.6806  2.13102918271382
0 COSMOS 2080 (GLONASS)
1 20620U 90045B   25092.49450471 -.00000048  00000-0  00000-0 0  9993
2 20620  64.9735 323.5949 0025430  33.0433 143.6929  2.13102991271216
0 COSMOS 2081 (GLONASS)
1 20621U 90045C   25090.12557374 -.00000036  00000-0  00000+0 0  9998
2 20621  64.9987 323.9625 0043167 216.7632 297.1662  2.13104688271392
0 NAVSTAR 20 (USA 63)
1 20724U 90068A   25093.41249725  .00000009  00000-0  00000-0 0  9990
2 20724  54.5677  89.8683 0037918 322.1182 169.6998  1.87186116241677
0 NAVSTAR 21 (USA 64)
1 20830U 90088A   25092.71167801 -.00000092  00000-0  00000-0 0  9999
2 20830  56.2800  24.8123 0023964 285.8446 251.4098  1.87752314244532
0 NAVSTAR 22 (USA 66)
1 20959U 90103A   25093.11805791 -.00000021  00000-0  00000-0 0  9993
2 20959  55.8094  66.7606 0021268  81.5551 278.6660  1.88155282247584
0 COSMOS 2109 (GLONASS)
1 21006U 90110A   25091.25166883  .00000028  00000-0  00000-0 0  9996
2 21006  64.6710  86.2809 0080404 202.5504 336.2094  2.13101483267063
0 COSMOS 2110 (GLONASS)
1 21007U 90110B   25093.13436866  .00000030  00000-0  00000-0 0  9990
2 21007  64.6878  86.6387 0043278 203.4485 163.2426  2.13101310267099
0 COSMOS 2111 (GLONASS)
1 21008U 90110C   25093.13079618  .00000030  00000-0  00000-0 0  9999
2 21008  64.6722  86.3020 0018443 239.6787 117.9002  2.13098516267012
0 COSMOS 2139 (GLONASS)
1 21216U 91025A   25091.85699718 -.00000040  00000-0  00000-0 0  9994
2 21216  64.6442 319.8485 0015412 225.5870 134.3367  2.13106231264525
0 COSMOS 2140 (GLONASS)
1 21217U 91025B   25093.69343110 -.00000042  00000-0  00000-0 0  9993
2 21217  64.6323 319.6773 0025122 217.1610 322.1344  2.13100898264570
0 COSMOS 2141 (GLONASS)
1 21218U 91025C   25093.23843473 -.00000042  00000-0  00000+0 0  9990
2 21218  64.6250 319.5945 0004168 241.0343 295.9076  2.13103376264636
0 NAVSTAR 23 (USA 71)
1 21552U 91047A   25093.21234745 -.00000106  00000-0  00000-0 0  9991
2 21552  56.4894   8.1248 0033823 125.8809  82.5032  1.91857609242945
0 COSMOS 2177 (GLONASS)
1 21853U 92005A   25093.41436964  .00000030  00000-0  00000-0 0  9994
2 21853  64.6311  85.0750 0007547 197.3220 251.2713  2.13101144258186
0 COSMOS 2178 (GLONASS)
1 21854U 92005B   25089.30107174  .00000040  00000-0  00000-0 0  9997
2 21854  64.6334  85.2671 0031172  27.7245  70.8258  2.13105798258076
0 COSMOS 2179 (GLONASS)
1 21855U 92005C   25093.16552943  .00000029  00000-0  00000-0 0  9992
2 21855  64.6349  85.1466 0013366 245.7774 116.2932  2.13102527257977
0 NAVSTAR 24 (USA 79)
1 21890U 92009A   25092.56653567  .00000004  00000-0  00000-0 0  9995
2 21890  54.2152 182.1793 0050505  54.4730 353.2764  1.91828603237640
0 NAVSTAR 25 (USA 80)
1 21930U 92019A   25093.70135958 -.00000069  00000-0  00000-0 0  9999
2 21930  55.3050 320.5327 0030225 336.8548 226.3596  1.87660827233204
0 NAVSTAR 26 (USA 83)
1 22014U 92039A   25093.49105875  .00000013  00000-0  00000-0 0  9994
2 22014  55.3884 134.6102 0006030 278.1648  81.8324  1.87911993 66990
0 COSMOS 2206 (GLONASS)
1 22056U 92047A   25092.22307068 -.00000038  00000-0  00000-0 0  9995
2 22056  64.4283 317.6276 0009965 250.9055 309.3798  2.13107387254227
0 COSMOS 2204 (GLONASS)
1 22057U 92047B   25091.23520306 -.00000035  00000-0  00000+0 0  9994
2 22057  64.4448 317.8552 0016216 345.4732 220.0263  2.13103060254230
0 COSMOS 2205 (GLONASS)
1 22058U 92047C   25094.42634578 -.00000038  00000-0  00000+0 0  9999
2 22058  64.4371 317.6813 0018229 223.1776 319.4021  2.13102961254357
0 NAVSTAR 27 (USA 84)
1 22108U 92058A   25093.37183376 -.00000009  00000-0  00000+0 0  9993
2 22108  54.6577 181.8388 0016270  39.0767 321.0804  1.87561269234770
0 NAVSTAR 28 (USA 85)
1 22231U 92079A   25092.02172869  .00000027  00000-0  00000-0 0  9999
2 22231  55.3937 129.0199 0024865 352.4644   7.5662  1.89108500 53790
0 NAVSTAR 29 (USA 87)
1 22275U 92089A   25093.46380557  .00000006  00000-0  00000-0 0  9999
2 22275  54.9229 143.5250 0070099  74.0775 296.0634  1.88246694228602
0 NAVSTAR 30 (USA 88)
1 22446U 93007A   25093.96278249  .00000014  00000-0  00000-0 0  9998
2 22446  53.5394 258.9019 0027142  37.3639   4.0304  1.88094954225749
0 COSMOS 2234 (GLONASS)
1 22512U 93010A   25093.50337788  .00000031  00000-0  00000-0 0  9999
2 22512  64.6472  85.1700 0022896 214.4986 341.8348  2.13103577249763
0 COSMOS 2236 (GLONASS)
1 22513U 93010B   25093.24149228  .00000029  00000-0  00000+0 0  9997
2 22513  64.6414  85.0829 0004221  73.0840   8.0203  2.13104517249993
0 COSMOS 2235 (GLONASS)
1 22514U 93010C   25094.14843245  .00000035  00000-0  00000+0 0  9995
2 22514  64.6596  85.3691 0009032 216.2793 248.6846  2.13102543250026
0 NAVSTAR 31 (USA 90)
1 22581U 93017A   25093.89212459 -.00000058  00000-0  00000-0 0  9991
2 22581  54.5276 313.9689 0003047  84.2543  95.4535  1.88946271 80889
0 NAVSTAR 32 (USA 91)
1 22657U 93032A   25093.73925075 -.00000026  00000-0  00000-0 0  9995
2 22657  53.9266 296.4373 0040430  83.2003  91.6912  1.87695751225653
0 NAVSTAR 33 (USA 92)
1 22700U 93042A   25092.96697707 -.00000002  00000-0  00000-0 0  9991
2 22700  54.7071 184.2638 0010997  25.1148 345.4010  1.89432016228795
0 NAVSTAR 34 (USA 94)
1 22779U 93054A   25091.54491920  .00000021  00000-0  00000-0 0  9992
2 22779  53.4376 233.7882 0050965 246.5071 121.6083  1.89129662227679
0 NAVSTAR 35 (USA 96)
1 22877U 93068A   25093.38549600 -.00000110  00000-0  00000-0 0  9999
2 22877  55.5597 352.6441 0008152 118.9067  62.1882  1.88540752228163
0 NAVSTAR 36 (USA 100)
1 23027U 94016A   25093.72097216 -.00000016  00000-0  00000-0 0  9995
2 23027  53.5126 289.7759 0032699 209.4137 149.6096  1.86674572225011
0 COSMOS 2276 (GLONASS)
1 23043U 94021A   25093.41064051 -.00000037  00000-0  00000-0 0  9999
2 23043  64.2829 316.3738 0018131 187.8774 355.2438  2.13099152240864
0 COSMOS 2277 (GLONASS)
1 23044U 94021B   25093.65830278 -.00000036  00000-0  00000-0 0  9997
2 23044  64.2712 316.2287 0055329 210.5696 344.8314  2.13103782241044
0 COSMOS 2275 (GLONASS)
1 23045U 94021C   25093.39558736 -.00000036  00000-0  00000-0 0  9995
2 23045  64.2597 316.1335 0028285  34.1447 146.6949  2.13101343240855
0 COSMOS 2287 (GLONASS)
1 23203U 94050A   25093.41333595  .00000019  00000-0  00000-0 0  9990
2 23203  65.4199 216.4795 0011884  24.3551 329.6616  2.13101252238476
0 COSMOS 2289 (GLONASS)
1 23204U 94050B   25089.84447745  .00000028  00000-0  00000-0 0  9996
2 23204  65.4087 216.4600 0008787 328.1260  31.7980  2.13102844238224
0 COSMOS 2288 (GLONASS)
1 23205U 94050C   25093.95808860  .00000012  00000-0  00000+0 0  9995
2 23205  65.4145 216.3994 0002302 293.3494  66.8836  2.13101302238524
0 COSMOS 2295 (GLONASS)
1 23396U 94076A   25093.40436566  .00000029  00000-0  00000-0 0  9993
2 23396  64.5926  84.2560 0038121 204.5180 266.9764  2.13102558236139
0 COSMOS 2296 (GLONASS)
1 23397U 94076B   25092.85000951  .00000026  00000-0  00000+0 0  9993
2 23397  64.5825  84.1360 0011195 260.9549 276.2715  2.13099565236348
0 COSMOS 2294 (GLONASS)
1 23398U 94076C   25094.57346343  .00000036  00000-0  00000+0 0  9994
2 23398  64.5766  83.9157 0004471  18.0976 181.8268  2.13101768236386
0 COSMOS 2307 (GLONASS)
1 23511U 95009A   25093.39597328 -.00000038  00000-0  00000-0 0  9992
2 23511  64.3052 316.8006 0005785 128.8496  75.8554  2.13104974233824
0 COSMOS 2308 (GLONASS)
1 23512U 95009B   25092.38664767 -.00000037  00000-0  00000-0 0  9992
2 23512  64.2931 316.7306 0006021 323.5081 241.2817  2.13099752233817
0 COSMOS 2309 (GLONASS)
1 23513U 95009C   25090.20183484 -.00000028  00000-0  00000-0 0  9994
2 23513  64.3023 317.0349 0034891 215.0409 330.0627  2.13051958233864
0 COSMOS 2316 (GLONASS)
1 23620U 95037A   25092.62348909  .00000027  00000-0  00000-0 0  9995
2 23620  65.4722 217.0696 0013181 152.4213 216.4869  2.13101355231052
0 COSMOS 2317 (GLONASS)
1 23621U 95037B   25093.30532705  .00000021  00000-0  00000-0 0  9995
2 23621  65.4818 217.1883 0009622 166.4660 230.4582  2.13101552230881
0 COSMOS 2318 (GLONASS)
1 23622U 95037C   25093.30757468  .00000021  00000-0  00000-0 0  9991
2 23622  65.4735 217.0742 0016365  73.7482 279.4195  2.13101705230857
0 COSMOS 2325 (GLONASS)
1 23734U 95068A   25093.41891049  .00000019  00000-0  00000-0 0  9992
2 23734  65.4758 217.0148 0020398 222.5453 143.4037  2.13102606228021
0 COSMOS 2324 (GLONASS)
1 23735U 95068B   25089.77568233  .00000028  00000-0  00000-0 0  9993
2 23735  65.4735 217.0770 0003587 115.3731 244.6402  2.13102553228017
0 COSMOS 2323 (GLONASS)
1 23736U 95068C   25093.17468634  .00000022  00000-0  00000-0 0  9991
2 23736  65.4645 216.8690 0008926 185.5204 174.4590  2.13103865227836
0 NAVSTAR 37 (USA 117)
1 23833U 96019A   25089.00816023 -.00000008  00000-0  00000-0 0  9997
2 23833  53.1848 282.7482 0008959  18.0683 341.1234  1.94619008 74119
0 NAVSTAR 38 (USA 126)
1 23953U 96041A   25094.24502947 -.00000028  00000-0  00000+0 0  9995
2 23953  55.6325  61.7911 0060478 101.8382  74.8839  1.88695568206499
0 NAVSTAR 39 (USA 128)
1 24320U 96056A   25092.89397433  .00000020  00000-0  00000+0 0  9992
2 24320  53.9469 252.1828 0028886 207.9225 128.9215  1.86498978202277
0 NAVSTAR 43 (USA 132)
1 24876U 97035A   25093.45290639  .00000021  00000-0  00000-0 0  9991
2 24876  55.7763 115.7760 0088045  53.7341 307.1221  2.00562540203136
0 NAVSTAR 44 (USA 135)
1 25030U 97067A   25091.49078793  .00000021  00000-0  00000-0 0  9996
2 25030  55.5990 188.3429 0019860 255.4361  80.5460  1.88437627198366
0 COSMOS 2364 (GLONASS)
1 25593U 98077A   25092.33571186  .00000013  00000-0  00000-0 0  9991
2 25593  64.0451  75.6591 0029734  50.4426  65.9905  2.13102778204264
0 COSMOS 2363 (GLONASS)
1 25594U 98077B   25094.09427368  .00000020  00000-0  00000+0 0  9996
2 25594  64.0415  75.5271 0027239  42.6872  50.2013  2.13103531204383
0 COSMOS 2362 (GLONASS)
1 25595U 98077C   25093.11296186  .00000016  00000-0  00000+0 0  9996
2 25595  64.0511  75.6903 0005249  46.3162  63.4086  2.13103467204366
0 NAVSTAR 46 (USA 145)
1 25933U 99055A   25093.34506819 -.00000061  00000-0  00000-0 0  9993
2 25933  51.8491 314.6482 0115205 160.3510  52.5793  2.00560063186750
0 NAVSTAR 47 (USA 150)
1 26360U 00025A   25094.56155112 -.00000076  00000-0  00000+0 0  9993
2 26360  54.8877  37.0386 0037527 232.1734 298.2334  2.00555856182469
0 NAVSTAR 48 (USA 151)
1 26407U 00040A   25094.55691898  .00000002  00000-0  00000+0 0  9995
2 26407  54.9628 232.5908 0133913 298.5493  67.0591  2.00564617181148
0 COSMOS 2375 (GLONASS)
1 26564U 00063A   25093.59844034 -.00000058  00000-0  00000-0 0  9992
2 26564  65.4436 328.7805 0007489  17.3241 342.7513  2.13101761190414
0 COSMOS 2376 (GLONASS)
1 26565U 00063B   25093.32669252 -.00000057  00000-0  00000-0 0  9990
2 26565  65.4482 328.8203 0005086  25.2243 188.3937  2.13102488190444
0 COSMOS 2374 (GLONASS)
1 26566U 00063C   25090.24766986 -.00000042  00000-0  00000-0 0  9995
2 26566  65.4234 328.6532 0075978 211.4241 335.8612  2.13099531190316
0 NAVSTAR 49 (USA 154)
1 26605U 00071A   25093.59968462  .00000020  00000-0  00000+0 0  9996
2 26605  55.3904 112.3272 0164517 262.5075  61.4050  2.00560375178703
0 NAVSTAR 50 (USA 156)
1 26690U 01004A   25093.42890604 -.00000055  00000-0  00000-0 0  9991
2 26690  54.8722  48.8124 0003216 354.1742 195.3738  1.91587969175114
0 COSMOS 2382 (GLONASS)
1 26987U 01053A   25092.60154046  .00000009  00000-0  00000+0 0  9993
2 26987  63.7935  73.0939 0004442 221.5598 341.9387  2.13104951181612
0 COSMOS 2381 (GLONASS)
1 26988U 01053B   25093.16552943  .00000011  00000-0  00000-0 0  9998
2 26988  63.7971  73.0999 0045303 228.5682 134.9305  2.13103803181650
0 COSMOS 2380 (GLONASS)
1 26989U 01053C   25089.14836464  .00000018  00000-0  00000+0 0  9991
2 26989  63.7878  73.1970 0005338  25.1389 323.9163  2.13102781181540
0 COSMOS 2394 (GLONASS)
1 27617U 02060A   25091.08080908 -.00000050  00000-0  00000+0 0  9996
2 27617  65.6643 330.5784 0002767 353.1354   6.9183  2.13102240173330
0 COSMOS 2396 (GLONASS)
1 27618U 02060B   25091.29504977 -.00000051  00000-0  00000-0 0  9999
2 27618  65.6666 330.5665 0004619 151.5377  61.2263  2.13099651173207
0 COSMOS 2395 (GLONASS)
1 27619U 02060C   25093.11513734 -.00000060  00000-0  00000-0 0  9994
2 27619  65.6782 330.6385 0011388 254.7743 297.9669  2.13103513173268
0 NAVSTAR 51 (USA 166)
1 27663U 03005A   25093.61085418  .00000014  00000-0  00000-0 0  9999
2 27663  54.9986 232.4387 0143316  49.9833 132.7124  2.00558272162493
0 NAVSTAR 52 (USA 168)
1 27704U 03010A   25081.33616274 -.00000078  00000-0  00000-0 0  9998
2 27704  55.0268 342.5621 0261244 335.7530 202.5817  2.00572348161044
0 COSMOS 2404 (GLONASS)
1 28112U 03056A   25093.39251856  .00000019  00000-0  00000-0 0  9996
2 28112  63.9738  77.5836 0047439  70.0948 350.7773  2.13088103165856
0 COSMOS 2402 (GLONASS)
1 28113U 03056B   25093.63133692  .00000021  00000-0  00000-0 0  9994
2 28113  63.9898  77.6803 0048509  73.5848 333.7603  2.13104980165883
0 COSMOS 2403 (GLONASS)
1 28114U 03056C   25092.35825231  .00000016  00000-0  00000-0 0  9994
2 28114  63.9926  77.7763 0057165  59.5769 359.4291  2.13104561165856
0 NAVSTAR 53 (USA 175)
1 28129U 03058A   25074.92652365 -.00000077  00000-0  00000-0 0  9999
2 28129  54.7678  40.3000 0057705 347.7703  12.0706  1.94476146    34
0 NAVSTAR 54 (USA 177)
1 28190U 04009A   25093.88838874 -.00000016  00000-0  00000-0 0  9994
2 28190  55.2023 293.3926 0102648 157.9676  20.9651  2.00569519154139
0 NAVSTAR 55 (USA 178)
1 28361U 04023A   25092.55535656  .00000017  00000-0  00000-0 0  9995
2 28361  54.5762 104.5366 0155948 289.2384 183.0820  2.00560864152207
0 NAVSTAR 56 (USA 180)
1 28474U 04045A   25093.34182797 -.00000096  00000-0  00000-0 0  9994
2 28474  55.3488 342.5819 0163637 301.8780 264.4718  2.00658303149604
0 COSMOS 2413 (GLONASS)
1 28508U 04053A   25094.09521091  .00000020  00000-0  00000+0 0  9993
2 28508  63.9273  75.7568 0007717 231.3908 194.9994  2.13103729157760
0 COSMOS 2411 (GLONASS)
1 28509U 04053B   25093.30229446  .00000016  00000-0  00000-0 0  9992
2 28509  63.9231  75.7308 0003834 223.1429 303.3515  2.13096294157741
0 COSMOS 2412 (GLONASS)
1 28510U 04053C   25094.09422241  .00000020  00000-0  00000+0 0  9993
2 28510  63.9322  75.8289 0006779 259.0798 194.3203  2.13103303157754
0 NAVSTAR 57 (USA 183)
1 28874U 05038A   25093.33170394 -.00000013  00000-0  00000-0 0  9999
2 28874  55.2474 290.8860 0132950 289.7517 233.2369  2.00565482143019
0 COSMOS 2419 (GLONASS)
1 28915U 05050A   25093.49905866 -.00000061  00000-0  00000-0 0  9999
2 28915  65.8023 330.8696 0015124 337.0853  24.5168  2.13108156150007
0 COSMOS 2418 (GLONASS)
1 28916U 05050B   25093.24124499 -.00000060  00000-0  00000+0 0  9996
2 28916  65.8241 331.0429 0012051 283.2571 252.3824  2.13106228150000
0 COSMOS 2417 (GLONASS)
1 28917U 05050C   25092.67143196 -.00000058  00000-0  00000-0 0  9996
2 28917  65.8053 330.9284 0014601  91.4573  84.2285  2.13104167149846
0 NAVSTAR 58 (USA 190)
1 29486U 06042A   25094.22828994 -.00000017  00000-0  00000+0 0  9993
2 29486  54.6790 168.7540 0104144  45.5399 305.2024  2.00566871135732
0 NAVSTAR 59 (USA 192)
1 29601U 06052A   25093.17284333  .00000017  00000-0  00000-0 0  9999
2 29601  55.0385 231.4557 0087235  85.5045 275.4613  2.00558554134588
0 COSMOS 2425 (GLONASS)
1 29670U 06062A   25093.83930135  .00000005  00000-0  00000-0 0  9994
2 29670  64.6910 208.9082 0021791 356.2706   0.4617  2.13117704142214
0 COSMOS 2426 (GLONASS)
1 29671U 06062B   25090.79353956  .00000030  00000-0  00000-0 0  9995
2 29671  64.6986 209.2395 0021668 179.1799 182.8151  2.12963153142131
0 COSMOS 2424 (GLONASS)
1 29672U 06062C   25093.70616422  .00000007  00000-0  00000-0 0  9994
2 29672  64.6949 208.9275 0019831 172.8696 187.1584  2.13122565142211
0 NAVSTAR 60 (USA 196)
1 32260U 07047A   25093.98129783  .00000014  00000-0  00000+0 0  9991
2 32260  53.7809  98.2045 0159400  80.1697 281.6479  2.00550284128021
0 COSMOS 2433 (GLONASS)
1 32275U 07052A   25093.22082884 -.00000060  00000-0  00000-0 0  9993
2 32275  65.8105 330.7030 0001307 279.5265  80.5098  2.13103937135681
0 COSMOS 2432 (GLONASS)
1 32276U 07052B   25090.24717623 -.00000045  00000-0  00000-0 0  9992
2 32276  65.8275 330.9220 0010425 334.8677 209.2277  2.13103097135648
0 COSMOS 2431 (GLONASS)
1 32277U 07052C   25093.59314675 -.00000060  00000-0  00000+0 0  9990
2 32277  65.8225 330.6225 0014275 173.2328   7.7052  2.13208836135864
0 NAVSTAR 61 (USA 199)
1 32384U 07062A   25093.08781310 -.00000014  00000-0  00000-0 0  9998
2 32384  55.3935 291.8027 0030238 153.7864  51.2718  2.00563396126682
0 COSMOS 2434 (GLONASS)
1 32393U 07065A   25093.31756902  .00000011  00000-0  00000-0 0  9992
2 32393  64.3160 206.7576 0002778  71.6868 254.2013  2.13101295134396
0 COSMOS 2435 (GLONASS)
1 32394U 07065B   25093.66257830  .00000006  00000-0  00000-0 0  9991
2 32394  64.3196 206.7413 0024569 358.0898   1.9033  2.13115199134378
0 COSMOS 2436 (GLONASS)
1 32395U 07065C   25092.77796958  .00000018  00000-0  00000-0 0  9995
2 32395  64.3246 206.8434 0016850   3.3442  42.7536  2.13100188134348
0 NAVSTAR 62 (USA 201)
1 32711U 08012A   25094.39002505 -.00000018  00000-0  00000+0 0  9998
2 32711  54.4568 167.4408 0196534 242.2320 115.8157  2.00556363124950
0 COSMOS 2442 (GLONASS)
1 33378U 08046A   25093.76205807 -.00000059  00000-0  00000-0 0  9991
2 33378  65.7019 329.6706 0019253 308.2407 232.7058  2.13107989128582
0 COSMOS 2443 (GLONASS)
1 33379U 08046B   25093.18138696 -.00000058  00000-0  00000-0 0  9998
2 33379  65.7132 329.8030 0012239 174.1670   5.4864  2.13098291128574
0 COSMOS 2444 (GLONASS)
1 33380U 08046C   25093.45322416 -.00000059  00000-0  00000-0 0  9996
2 33380  65.7216 329.8411 0019191 294.4006 248.3456  2.13112114128571
0 COSMOS 2447 (GLONASS)
1 33466U 08067A   25093.22910707  .00000028  00000-0  00000+0 0  9999
2 33466  64.5613  84.5049 0008469 263.2938 184.9821  2.13107621126442
0 COSMOS 2449 (GLONASS)
1 33467U 08067B   25093.17813541  .00000028  00000-0  00000-0 0  9993
2 33467  64.5503  84.4204 0033361 239.1715 120.5005  2.13097124126588
0 COSMOS 2448 (GLONASS)
1 33468U 08067C   25093.89210706  .00000032  00000-0  00000+0 0  9991
2 33468  64.5570  84.4145 0003235 264.5114  95.4532  2.13116199126678
0 NAVSTAR 63 (USA 203)
1 34661U 09014A   25090.29726881  .00000019  00000-0  00000-0 0  9993
2 34661  54.5853 228.4198 0138053  60.1017 292.5790  2.00565747117392
0 NAVSTAR 64 (USA 206)
1 35752U 09043A   25093.87544358 -.00000059  00000-0  00000-0 0  9996
2 35752  55.9104  44.7577 0054412  75.0909 284.1066  2.00551816114548
0 COSMOS 2456 (GLONASS)
1 36111U 09070A   25093.37542715  .00000031  00000-0  00000-0 0  9995
2 36111  64.7593  86.0045 0006489 307.4273 218.2779  2.13103624119058
0 COSMOS 2457 (GLONASS)
1 36112U 09070B   25093.11326053  .00000030  00000-0  00000+0 0  9991
2 36112  64.7441  85.8659 0002282 200.4512 255.5964  2.13101054119093
0 COSMOS 2458 (GLONASS)
1 36113U 09070C   25093.22937744  .00000030  00000-0  00000-0 0  9990
2 36113  64.7493  85.9072 0007069 311.8847 133.9436  2.13082905119082
0 COSMOS 2459 (GLONASS)
1 36400U 10007A   25093.09553837 -.00000058  00000-0  00000-0 0  9994
2 36400  65.6810 329.4267 0026594 346.9906 192.5891  2.13116679117445
0 COSMOS 2461 (GLONASS)
1 36401U 10007B   25093.16200182 -.00000058  00000-0  00000-0 0  9995
2 36401  65.6759 329.3854 0021226   0.9987 176.8102  2.13106666117447
0 COSMOS 2460 (GLONASS)
1 36402U 10007C   25093.69516870 -.00000058  00000-0  00000-0 0  9998
2 36402  65.6611 329.3011 0002191  35.1863 143.0554  2.13106107117361
0 NAVSTAR 65 (USA 213)
1 36585U 10022A   25093.70933020  .00000007  00000-0  00000-0 0  9992
2 36585  54.3589 226.2731 0121424  63.8751 296.5793  2.00566032108778
0 COSMOS 2466 (GLONASS)
1 37137U 10041A   25093.41163953  .00000008  00000-0  00000+0 0  9995
2 37137  63.8925 205.1520 0017328 174.8085 201.6286  2.13112947113533
0 COSMOS 2465 (GLONASS)
1 37138U 10041B   25094.31424330 -.00000006  00000-0  00000+0 0  9994
2 37138  63.9085 205.2714 0040547 179.1575 188.5768  2.13098232113548
0 COSMOS 2464 (GLONASS)
1 37139U 10041C   25092.58283355  .00000019  00000-0  00000+0 0  9995
2 37139  63.9154 205.3528 0033136  11.4549 321.0957  2.13099216113496
0 COSMOS 2471 (GLONASS)
1 37372U 11009A   25093.37471878 -.00000058  00000-0  00000-0 0  9991
2 37372  65.6492 329.3106 0009220 329.8728 230.7989  2.12911322109711
0 NAVSTAR 66 (USA 232)
1 37753U 11036A   25094.39758265 -.00000103  00000-0  00000+0 0  9995
2 37753  56.7234 349.0669 0134458  58.9623 145.6095  2.00567002100462
0 COSMOS 2474 (GLONASS)
1 37829U 11055A   25094.27326638  .00000039  00000-0  00000+0 0  9999
2 37829  65.0464  87.7171 0011720 250.8334 107.0393  2.13101247105104
0 COSMOS 2476 (GLONASS)
1 37867U 11064A   25093.39292140  .00000034  00000-0  00000-0 0  9999
2 37867  65.0262  87.7459 0024557 242.1553 207.4490  2.13101482104394
0 COSMOS 2477 (GLONASS)
1 37868U 11064B   25094.09427281  .00000038  00000-0  00000+0 0  9997
2 37868  65.0335  87.7975 0021758 243.7873 203.4565  2.13102959104390
0 COSMOS 2475 (GLONASS)
1 37869U 11064C   25093.30200301  .00000033  00000-0  00000-0 0  9999
2 37869  65.0400  87.8418 0027365 256.0610 260.4475  2.13101686104392
0 COSMOS 2478 (GLONASS)
1 37938U 11071A   25093.32739167 -.00000058  00000-0  00000-0 0  9991
2 37938  65.7020 329.6747 0016092 222.5789 327.6619  2.13015401103772
0 BEIDOU 12
1 38250U 12018A   25093.42302513 -.00000067  00000-0  00000-0 0  9993
2 38250  56.1242 319.6531 0021070 273.0715  86.7247  1.86233605 87758
0 BEIDOU 13
1 38251U 12018B   25093.89149000 -.00000065  00000-0  00000+0 0  9992
2 38251  56.0280 318.8867 0012070 279.1449  80.7548  1.86232050 88116
0 BEIDOU 14
1 38774U 12050A   25093.23901952 -.00000002  00000-0  00000-0 0  9990
2 38774  56.0531  77.5184 0041868 256.5995 102.9224  1.86251430 69657
0 BEIDOU 15
1 38775U 12050B   25093.60141415 -.00000001  00000-0  00000-0 0  9991
2 38775  56.1588  77.4725 0014571 337.7431  22.1827  1.86230929 85121
0 NAVSTAR 67 (USA 239)
1 38833U 12053A   25091.08177094  .00000028  00000-0  00000+0 0  9998
2 38833  53.5289 161.7005 0163531  60.0200 301.6664  2.00561930 91468
0 COSMOS 2485 (GLONASS)
1 39155U 13019A   25094.15455776  .00000039  00000-0  00000+0 0  9998
2 39155  65.1814  88.3643 0024818 238.1344 121.6305  2.13104449 92928
0 NAVSTAR 68 (USA 242)
1 39166U 13023A   25093.93586141 -.00000007  00000-0  00000+0 0  9997
2 39166  54.8626 286.8273 0133231  47.2482 313.8680  2.00561552 87060
0 NAVSTAR 69 (USA 248)
1 39533U 14008A   25092.93830569 -.00000001  00000-0  00000-0 0  9999
2 39533  53.6078 167.2677 0077288 223.7672 135.6770  2.00558921 80853
0 COSMOS 2492 (GLONASS)
1 39620U 14012A   25094.11125312 -.00000058  00000-0  00000+0 0  9997
2 39620  65.5409 328.8216 0012984 329.3647  30.6088  2.13103148 85886
0 NAVSTAR 70 (USA 251)
1 39741U 14026A   25093.22182563 -.00000099  00000-0  00000-0 0  9994
2 39741  56.6649 348.6229 0036283 319.4520  40.3164  2.00579367 79713
0 COSMOS 2500 (GLONASS)
1 40001U 14032A   25092.40974881 -.00000055  00000-0  00000-0 0  9995
2 40001  65.4776 328.6617 0004715 195.4527 164.5855  2.13105889 84064
0 NAVSTAR 71 (USA 256)
1 40105U 14045A   25093.30436638  .00000018  00000-0  00000-0 0  9995
2 40105  55.0763 106.0131 0027970 117.8161 242.4993  2.00555964 77250
0 GALILEO 5 (261)
1 40128U 14050A   25091.98630548 -.00000034  00000-0  00000-0 0  9993
2 40128  49.3560 291.4102 1624566 162.3429 204.0377  1.85519640 70133
0 GALILEO 6 (262)
1 40129U 14050B   25093.32146462 -.00000030  00000-0  00000-0 0  9997
2 40129  49.3699 290.4367 1624485 163.1735 202.9206  1.85520384 72326
0 NAVSTAR 72 (USA 258)
1 40294U 14068A   25093.17444268 -.00000051  00000-0  00000-0 0  9990
2 40294  56.6658  47.9574 0057394  63.8566 296.7134  2.00578170 76381
0 COSMOS 2501 (GLONASS)
1 40315U 14075A   25094.54319448 -.00000010  00000-0  00000+0 0  9999
2 40315  63.6159 205.5612 0020404 207.2333 152.6628  2.13101316 80507
0 NAVSTAR 73 (USA 260)
1 40534U 15013A   25094.31617541 -.00000005  00000-0  00000+0 0  9999
2 40534  53.2562 222.3364 0097667  34.7118 325.8981  2.00547499 73446
0 NAVSTAR 74 (USA 262)
1 40730U 15033A   25092.98030936 -.00000008  00000-0  00000-0 0  9991
2 40730  54.3432 285.1964 0104749  24.3597 336.1301  2.00551844 71168
0 BD-18
1 40748U 15037A   25094.09380944 -.00000063  00000-0  00000+0 0  9995
2 40748  55.2517 317.1174 0008300 268.2530  91.6860  1.86229109 65943
0 BD-19
1 40749U 15037B   25093.82051355 -.00000063  00000-0  00000+0 0  9997
2 40749  55.2481 317.1196 0004339  18.2151 341.8348  1.86253722 65925
0 NAVSTAR 75 (USA 265)
1 41019U 15062A   25093.03511808 -.00000051  00000-0  00000-0 0  9991
2 41019  56.6430  47.8188 0102890 228.6628 130.4320  2.00567025 69006
0 BD-21
1 41315U 16006A   25093.26605307 -.00000001  00000-0  00000-0 0  9997
2 41315  56.3229  78.1646 0005190 289.9686  69.9649  1.86231138 62406
0 NAVSTAR 76 (USA 266)
1 41328U 16007A   25093.61876331  .00000020  00000-0  00000-0 0  9998
2 41328  55.2621 106.9068 0087457 242.0671 117.0764  2.00573285 67027
0 COSMOS 2514 (GLONASS)
1 41330U 16008A   25094.05745136 -.00000057  00000-0  00000+0 0  9999
2 41330  65.2693 328.0413 0008599 207.6066 152.3965  2.13102603 71268
0 COSMOS 2516 (GLONASS)
1 41554U 16032A   25091.34125497  .00000028  00000-0  00000-0 0  9993
2 41554  63.8433 206.2345 0016332 210.4638 149.4420  2.13106439 68815
0 COSMOS 2522 (GLONASS)
1 42939U 17055A   25094.36576605 -.00000005  00000-0  00000+0 0  9998
2 42939  64.0776 206.8253 0007828 233.2014 126.7285  2.13101737 58622
0 BEIDOU 3M1
1 43001U 17069A   25092.29324278 -.00000004  00000-0  00000-0 0  9991
2 43001  56.3070  77.6493 0012551 307.8053  52.0691  1.86231056 50399
0 BEIDOU 3M2
1 43002U 17069B   25094.37886844  .00000004  00000-0  00000+0 0  9993
2 43002  56.3081  77.6167 0010176 326.9469  32.9801  1.86230789 50420
0 BEIDOU 3M3
1 43107U 18003A   25094.12533617 -.00000065  00000-0  00000+0 0  9996
2 43107  54.7098 317.5793 0004910  68.5989 291.4875  1.86232392 49188
0 BEIDOU 3M4
1 43108U 18003B   25094.06815787 -.00000065  00000-0  00000+0 0  9991
2 43108  54.7029 317.5654 0002774 283.9381  76.0649  1.86230877 49186
0 BEIDOU 3M5
1 43207U 18018A   25092.36140978 -.00000004  00000-0  00000-0 0  9995
2 43207  56.2659  77.7263 0007397 346.9875  12.9816  1.86230972 48536
0 BEIDOU 3M6
1 43208U 18018B   25093.50184295 -.00000001  00000-0  00000-0 0  9990
2 43208  56.2665  77.6925 0010228 318.0445  41.8662  1.86231027 48552
0 BEIDOU 3M7
1 43245U 18029A   25094.25748101 -.00000061  00000-0  00000+0 0  9993
2 43245  54.5841 315.2530 0000742  23.3585 336.6770  1.86232498 47720
0 BEIDOU 3M8
1 43246U 18029B   25094.18873683 -.00000061  00000-0  00000+0 0  9990
2 43246  54.5819 315.2833 0004903  21.6399 338.4130  1.86228957 47713
0 COSMOS 2527 (GLONASS)
1 43508U 18053A   25094.32563979  .00000041  00000-0  00000+0 0  9995
2 43508  65.3405  88.5713 0009524 246.9042 113.0025  2.13102197 52920
0 BEIDOU 3M9
1 43581U 18062A   25093.34024774 -.00000005  00000-0  00000-0 0  9994
2 43581  54.1042 197.2589 0002875 284.7048  75.2761  1.86228550 45447
0 BEIDOU 3M10
1 43582U 18062B   25093.20463347 -.00000003  00000-0  00000-0 0  9991
2 43582  54.1039 197.2528 0005009  32.3849 327.6587  1.86229295 45442
0 BEIDOU 3M11
1 43602U 18067A   25093.67671824 -.00000011  00000-0  00000-0 0  9990
2 43602  54.1965 195.9449 0007575  32.1708 327.8897  1.86227775 44932
0 BEIDOU 3M12
1 43603U 18067B   25093.27359867 -.00000004  00000-0  00000-0 0  9999
2 43603  54.1938 195.9230 0004199  23.1341 336.9000  1.86227238 44956
0 BEIDOU 3M13
1 43622U 18072A   25093.23297956 -.00000002  00000-0  00000-0 0  9990
2 43622  56.2389  77.2208 0009045 306.6047  53.3004  1.86231162 44465
0 BEIDOU 3M14
1 43623U 18072B   25094.17237288  .00000002  00000-0  00000+0 0  9995
2 43623  56.2415  77.1832 0006781 327.5188  32.4293  1.86231150 44476
0 BEIDOU 3M15
1 43647U 18078A   25092.18519085 -.00000061  00000-0  00000-0 0  9991
2 43647  54.4825 315.4002 0008171  26.0062 334.0698  1.86232180 43946
0 BEIDOU 3M16
1 43648U 18078B   25093.92527541 -.00000062  00000-0  00000+0 0  9991
2 43648  54.4768 315.3414 0005177  35.7980 324.2688  1.86232172 44007
0 COSMOS 2529 (GLONASS)
1 43687U 18086A   25093.95463548  .00000002  00000-0  00000+0 0  9995
2 43687  64.2934 207.4304 0008870 256.9921 102.9103  2.13101962 49920
0 BEIDOU 3M17
1 43706U 18093A   25092.46873884  .00000009  00000-0  00000+0 0  9995
2 43706  54.1877 197.2483 0007838 286.9462  72.9814  1.86228209 43311
0 BEIDOU 3M18
1 43707U 18093B   25092.86869569  .00000003  00000-0  00000+0 0  9999
2 43707  54.1884 197.2265 0006245 322.7286  37.2415  1.86229680 43339
0 NAVSTAR 77 (USA 289)
1 43873U 18109A   25093.52155406  .00000020  00000-0  00000-0 0  9993
2 43873  55.4275 109.5485 0033124 197.7323 345.8541  2.00567033 46255
0 COSMOS 2534 (GLONASS)
1 44299U 19030A   25093.36892740  .00000011  00000-0  00000-0 0  9991
2 44299  64.3668 207.4308 0010642 281.6278 123.2255  2.13102157 45555
0 NAVSTAR 78 (USA 293)
1 44506U 19056A   25093.71163233 -.00000102  00000-0  00000-0 0  9999
2 44506  55.8000 348.5840 0049637 193.6778  28.8452  2.00560954 41253
0 BEIDOU 3M23
1 44542U 19061A   25092.93931129  .00000002  00000-0  00000-0 0  9993
2 44542  54.4151 197.5762 0007660   6.9393 353.0839  1.86228905 37593
0 BEIDOU 3M24
1 44543U 19061B   25092.54922823  .00000008  00000-0  00000-0 0  9998
2 44543  54.4140 197.5579 0004442 354.5611  16.6220  1.86229069 37596
0 BEIDOU 3M21
1 44793U 19078A   25093.85637023 -.00000062  00000-0  00000+0 0  9993
2 44793  54.3282 315.2383 0007152  32.9071 327.1694  1.86232000 36479
0 BEIDOU 3M22
1 44794U 19078B   25094.52509427 -.00000061  00000-0  00000+0 0  9994
2 44794  54.3012 315.1848 0005163  29.2133 330.8475  1.86227677 36487
0 COSMOS 2544 (GLONASS)
1 44850U 19088A   25093.33143795  .00000035  00000-0  00000-0 0  9999
2 44850  65.3271  88.4361 0015514 261.9254  97.9040  2.13101962 41348
0 BEIDOU 3M19
1 44864U 19090A   25093.44497080 -.00000002  00000-0  00000-0 0  9993
2 44864  56.1735  77.3683 0020068 288.5126 260.5589  1.86231390 36048
0 BEIDOU 3M20
1 44865U 19090B   25093.83516204  .00000000  00000-0  00000-0 0  9994
2 44865  56.1754  77.3891 0017787 300.4373 239.9121  1.86231320 36037
0 COSMOS 2545 (GLONASS)
1 45358U 20018A   25093.52813983 -.00000057  00000-0  00000-0 0  9997
2 45358  64.6077 327.8329 0007474 250.8006 109.1675  2.13102453 39297
0 NAVSTAR 79 (USA 304)
1 45854U 20041A   25094.09523032 -.00000056  00000-0  00000+0 0  9998
2 45854  56.3632  46.0303 0051462 199.8326 242.3677  2.00567719 35225
0 COSMOS 2547 (GLONASS)
1 46805U 20075A   25089.02115745  .00000023  00000-0  00000-0 0  9991
2 46805  64.5970 207.3038 0007085 234.7594 125.1621  2.13103006 34442
0 NAVSTAR 80 (USA 309)
1 46826U 20078A   25087.97937869  .00000007  00000-0  00000-0 0  9990
2 46826  54.0849 228.8394 0056130 199.3728 117.3617  2.00558329 32575
0 NAVSTAR 81 (USA 319)
1 48859U 21054A   25091.51225449 -.00000093  00000-0  00000-0 0  9998
2 48859  55.3319 350.1892 0018714 229.8668 307.0177  2.00568212 27899
0 COSMOS 2557 (GLONASS)
1 52984U 22075A   25093.88099809 -.00000062  00000-0  00000+0 0  9992
2 52984  64.5421 329.9241 0011341 285.5169  74.4067  2.13101862 21340
0 COSMOS 2559 (GLONASS)
1 54031U 22130A   25091.00919060 -.00000051  00000-0  00000-0 0  9990
2 54031  64.5157 330.1326 0005192 225.6156 134.3984  2.13101195 19268
0 COSMOS 2564 (GLONASS)
1 54377U 22161A   25094.01394644  .00000001  00000-0  00000+0 0  9999
2 54377  64.7382 207.2941 0009554 214.4399 145.4999  2.13101842 18279
0 NAVSTAR 82 (USA 343)
1 55268U 23009A   25092.70808508  .00000005  00000-0  00000-0 0  9999
2 55268  55.0884 165.8157 0002233 340.1849  17.2940  2.00573631 16401
0 COSMOS 2569 (GLONASS)
1 57517U 23114A   25093.55970828  .00000034  00000-0  00000+0 0  9995
2 57517  65.0582  87.4731 0012946 294.3048  65.5645  2.13103901 12896
0 BEIDOU 3 M28
1 58654U 23207A   25091.38388753 -.00000006  00000-0  00000-0 0  9991
2 58654  55.3588  77.2532 0004955 300.9187  59.0217  1.86231937  8610
0 BEIDOU 3 M26
1 58655U 23207B   25092.25747456 -.00000007  00000-0  00000-0 0  9999
2 58655  55.3617  77.2095 0005520 286.3042  73.6231  1.86231464  8617
0 ZHIHUI TIANWANG-1 01A
1 59705U 24087A   25093.38388020 -.00000009  00000-0  00000-0 0  9998
2 59705  53.1286 188.6989 0013603 198.8930 161.0853  2.00560562  6481
0 ZHIHUI TIANWANG-1 01B
1 59706U 24087B   25092.39079842  .00000006  00000-0  00000-0 0  9994
2 59706  53.1285 188.7380 0012635 196.4860 163.5034  2.00561523  6113
0 BEIDOU 3M25
1 61186U 24168B   25093.42645964 -.00000065  00000-0  00000-0 0  9994
2 61186  54.8553 317.4781 0004011 308.8573 232.9738  1.86229895  3596
0 BEIDOU 3M27
1 61187U 24168C   25094.24876672 -.00000065  00000-0  00000+0 0  9997
2 61187  54.8501 317.4342 0002678  18.3729 129.6333  1.86230095  3638
0 NAVSTAR 83 (USA 440)
1 62339U 24242A   25093.39868837 -.00000104  00000-0  00000-0 0  9994
2 62339  54.9859 351.9894 0005024 332.6729 244.9065  2.00557035  2433
0 COSMOS 2584(GLONASS)
1 63130U 25042A   25090.16141837  .00000037  00000-0  00000-0 0  9993
2 63130  64.8376  87.8906 0007880 236.8696 123.0661  2.13103412   602